salloc -N2 --exclusive --gres=gpu:4 --ntasks-per-node=32 --ntasks-per-core=1 -A tra23_units -p m100_usr_prod --mem=246000 --time=00:30:00

_______________________________________

10000 x 10000
_______________________________________

matrixMultiplication()
----------------------
N = 1
0.25511 114.37
0.25165 113.94
0.25559 113.97
0.25438 114.23
0.25675 114.30

N = 2
0.49577 58.582
0.43895 58.716
0.43186 58.500
0.44014 58.560
0.49480 58.752

N = 4
0.33067 31.482
0.32520 31.167
0.33538 31.433
0.32860 31.303
0.32998 31.258

N = 8
0.51328 17.043
0.34888 17.747
0.35415 17.128
0.36231 17.048
0.35778 17.387

cblas_dgemm()
-----------------------
N = 1
0.32945 4.3385
0.34686 4.4015
0.35835 4.4840
0.34126 4.4634
0.34589 4.3235

N = 2
0.71807 2.6999
0.74488 2.9403
0.58429 2.7936
0.70680 3.0241
0.55649 3.1705

N = 4
1.08720 2.0064
0.80833 2.3991
1.06240 2.0203
1.01560 1.753
1.14590 1.7778

N = 8
1.1815 8.721
0.93417 9.704
1.2026 5.3254
1.0617 9.4682
1.0293 8.3962
_______________________________________

20000 x 20000
_______________________________________

matrixMultiplication()
----------------------
N = 1
1.1436 1172.7

N = 2
1.0047 578.91

N = 4
1.3525 289.88
1.3178 289.83

N = 8
1.3358 149.21
1.4521 149.37

cblas_dgemm()
-----------------------
N = 1
1.1548 29.675
1.1519 28.912
1.1447 28.894
1.1501 28.875
1.1498 29.227

N = 2
1.0906 17.493
1.1488 17.404
1.1036 17.375
1.1447 17.180
1.1609 17.341

N = 4
1.6509 11.038
1.7001 11.051
1.5334 11.042
1.7785 11.767
1.7796 11.048

N = 8
1.8377 8.7721
1.6274 8.9605
1.7476 8.1294
1.7791 8.6115
1.9832 8.6281

______________________
other measures:

N = 8 with dgemm

30k: 4.9018 23.612
40k: 8.6039 43.864
50k: 14.025 67.019 