1202 4 1000 0.0358909 0.556026 0
1202 4 1000 0.0364441 0.514346 0
1202 4 1000 0.0372571 0.525863 0
1202 4 1000 0.0353571 0.51637 0
1202 4 1000 0.0356016 0.523098 0
12002 4 1000 0.848057 0.882069 0
12002 4 1000 0.846021 0.907997 0
12002 4 1000 0.84651 0.868784 0
12002 4 1000 0.847825 0.870417 0
12002 4 1000 0.846919 0.871348 0
64002 4 1000 50.184 6.32071 0
64002 4 1000 50.2007 6.61748 0
64002 4 1000 50.1718 6.31335 0
64002 4 1000 50.2 6.42125 0
64002 4 1000 50.1719 6.41417 0
1202 8 1000 0.0334499 0.673816 0
1202 8 1000 0.0336077 0.617574 0
1202 8 1000 0.0334194 0.580624 0
1202 8 1000 0.0346305 0.587789 0
1202 8 1000 0.0333097 0.580689 0
12002 8 1000 0.428556 0.855734 0
12002 8 1000 0.428888 0.818251 0
12002 8 1000 0.429372 0.853001 0
12002 8 1000 0.427515 0.85983 0
12002 8 1000 0.426268 0.804889 0
64002 8 1000 23.8021 4.73058 0
64002 8 1000 23.8494 4.86012 0
64002 8 1000 23.8012 4.69524 0
64002 8 1000 23.8447 4.76512 0
64002 8 1000 23.8052 4.64424 0
1202 16 1000 0.0330869 0.649002 0
1202 16 1000 0.0325587 0.597291 0
1202 16 1000 0.0324405 0.584884 0
1202 16 1000 0.0357313 0.588808 0
1202 16 1000 0.0328329 0.63384 0
12002 16 1000 0.228578 0.78367 0
12002 16 1000 0.227145 0.763853 0
12002 16 1000 0.22887 0.779768 0
12002 16 1000 0.227059 0.768867 0
12002 16 1000 0.22824 0.808438 0
64002 16 1000 11.1434 3.03765 0
64002 16 1000 11.1327 2.9435 0
64002 16 1000 11.1303 2.96716 0
64002 16 1000 11.1378 2.97892 0
64002 16 1000 11.1332 3.03423 0
1202 32 1000 0.0314884 1.23446 0
1202 32 1000 0.0316011 1.05224 0
1202 32 1000 0.0321397 1.052 0
1202 32 1000 0.0315689 1.32367 0
1202 32 1000 0.0313872 1.31124 0
12002 32 1000 0.130576 2.09188 0
12002 32 1000 0.130333 2.16831 0
12002 32 1000 0.130489 2.17548 0
12002 32 1000 0.13099 2.90804 0
12002 32 1000 0.131937 2.2262 0
64002 32 1000 5.28421 9.91719 0
64002 32 1000 5.29552 2.22439 0
64002 32 1000 5.29112 2.28004 0
64002 32 1000 5.29328 2.22317 0
64002 32 1000 5.2914 2.29351 0