1202 32 1000 0.0658387 0.147938 0
1202 32 1000 0.106986 0.112898 0
1202 32 1000 0.188457 0.0280489 0
1202 32 1000 0.195408 0.0236742 0
1202 32 1000 0.176726 0.0414553 0
12002 32 1000 11.9286 1.35007 0
12002 32 1000 11.9712 1.25981 0
12002 32 1000 12.0155 1.2712 0
12002 32 1000 11.6475 1.87065 0
12002 32 1000 11.7818 1.68388 0
64002 32 1000 392.28 12.3539 0
64002 32 1000 394.43 8.61591 0
64002 32 1000 392.269 10.9015 0
64002 32 1000 392.627 10.2626 0
64002 32 1000 391.755 11.4597 0
1202 64 1000 0.0463841 0.149678 0
1202 64 1000 0.0524367 0.133775 0
1202 64 1000 0.033541 0.163067 0
1202 64 1000 0.033108 0.162753 0
1202 64 1000 0.057899 0.139147 0
12002 64 1000 5.72068 1.33965 0
12002 64 1000 5.60906 1.49907 0
12002 64 1000 5.56768 1.76615 0
12002 64 1000 5.87408 1.21899 0
12002 64 1000 5.66583 1.46593 0
64002 64 1000 195.57 6.61839 0
64002 64 1000 194.972 7.47964 0
64002 64 1000 195.065 7.25337 0
64002 64 1000 194.854 7.53011 0
64002 64 1000 195.501 6.84284 0
1202 128 1000 0.0245129 0.171729 0
1202 128 1000 0.0468993 0.139551 0
1202 128 1000 0.0302772 0.172064 0
1202 128 1000 0.0174837 0.170333 0
1202 128 1000 0.0172793 0.175212 0
12002 128 1000 2.6417 1.16587 0
12002 128 1000 2.84069 0.793527 0
12002 128 1000 2.6175 1.33811 0
12002 128 1000 2.66096 1.32357 0
12002 128 1000 2.79299 0.976168 0
64002 128 1000 95.5605 7.27218 0
64002 128 1000 95.3419 6.81659 0
64002 128 1000 98.2331 3.62927 0
64002 128 1000 98.5402 3.17093 0
64002 128 1000 96.9487 5.08645 0
1202 256 1000 0.00876317 0.193055 0
1202 256 1000 0.0245421 0.177668 0
1202 256 1000 0.00884123 0.196497 0
1202 256 1000 0.00899674 0.181115 0
1202 256 1000 0.00883408 0.176918 0
12002 256 1000 1.01472 1.57367 0
12002 256 1000 0.920515 4.8366 0
12002 256 1000 0.937605 3.20028 0
12002 256 1000 1.04398 2.67489 0
12002 256 1000 1.12548 3.65721 0
64002 256 1000 46.4096 5.75679 0
64002 256 1000 47.6256 4.07566 0
64002 256 1000 47.4585 4.45307 0
64002 256 1000 45.8485 6.07546 0
64002 256 1000 48.2248 3.17778 0