50000 32 9124.077148 1333.120972
50000 32 9043.841797 1259.321777
50000 32 8920.171875 1258.599243
50000 32 9081.488281 1258.420410
50000 32 9074.269531 1258.029663
50000 16 10071.668945 2245.693115
50000 16 9884.912109 2167.550049
50000 16 9878.102539 2145.654297
50000 16 9902.541016 2159.940918
50000 16 9805.860352 2145.683838
50000 8 12899.088867 4372.339355
50000 8 12866.297852 4399.826660
50000 8 12920.280273 4390.761230
50000 8 13099.385742 4401.293945
50000 8 13027.992188 4370.435059
50000 4 19387.095703 9980.201172
50000 4 19341.917969 9946.242188
50000 4 19187.837891 9912.429688
50000 4 19382.650391 9948.811523
50000 4 19102.289062 9966.915039
